1 4.87211147258 7.67202225246 
1 3.5731525801 5.12288568826 
1 3.48536410124 9.26972148696 
1 6.38003128776 4.65186129728 
1 2.37167704152 7.21473864253 
1 3.93613088722 4.16817539782 
1 1.36347647601 8.71716542536 
1 2.68756023316 7.2878307843 
1 5.38382394444 7.03534161352 
1 2.56816278102 5.77523147653 
1 4.11497437338 8.19053978678 
1 2.77483910654 7.0020185164 
1 0.537319248735 6.10743803084 
1 3.15166019547 7.77090595649 
1 5.67399629795 7.41095289715 
1 2.98303109233 7.95243928026 
1 3.55272415833 10.2394023427 
1 2.7421011858 7.86165858273 
1 3.14082929221 10.4876062546 
1 2.78867397557 6.22389220626 
1 4.4112782296 8.41629337538 
1 2.7050804968 4.06505039047 
1 4.09832968483 10.4491739556 
1 2.46941497029 6.36507599236 
1 4.85271108407 6.57959998798 
1 1.15073430289 7.8548988281 
1 3.18627138362 7.24263046538 
1 2.47034376992 7.51192849632 
1 -0.877111049537 5.92373606316 
1 2.93165906004 8.44195958417 
1 2.33182790891 8.05416912448 
1 2.59630082119 9.18198221139 
1 3.31987945268 5.26181148987 
1 3.22131644998 7.80790741673 
1 3.31842625321 6.93051710357 
1 2.47404682676 6.79357092974 
1 5.66449719086 5.75347300342 
1 3.87029853263 9.27097377178 
1 2.22350107165 8.97317446017 
1 2.63337009768 6.78753140102 
1 2.67103922056 6.67690391899 
1 4.25269416926 4.94004894112 
1 -0.0151974902052 7.72290447446 
1 3.02746121096 6.25002656256 
1 3.34696134966 8.13300526599 
1 1.87874715345 5.98691174568 
1 1.48263776498 5.96115888681 
1 3.13416516851 7.84651612724 
1 2.55127294924 6.72285300925 
1 1.90958565277 5.97540863922 
1 4.99694772047 7.26352943065 
1 1.0914904424 6.02030588433 
1 2.42061796727 4.96551565734 
1 1.93494441328 7.2320329494 
1 3.79462076339 6.11807375437 
1 0.967028521764 7.34870580467 
1 2.02703009406 7.0723490721 
1 2.1787847025 6.8888805843 
1 1.2222594474 7.1185513208 
1 4.78271029469 6.44622004701 
1 4.77122476509 5.7456878147 
1 0.55444387453 6.32375791701 
1 2.5707432655 7.67636203378 
1 2.70424819922 6.35582825382 
1 3.4162603912 7.68323193316 
1 3.79650320559 8.65929001859 
1 3.73620654515 9.05991993169 
1 2.06205072017 6.20058598073 
1 4.61443695464 4.62710924403 
1 3.54547806735 9.31769614967 
1 1.65189511207 6.31199920986 
1 1.85588185789 3.501784256 
1 1.9127130696 6.41373982045 
1 2.39997813122 6.1993488669 
1 3.44643175712 6.92692140154 
1 4.59163868347 5.03265707416 
1 5.96202767946 6.385198882 
1 4.64489226162 5.58671765915 
1 2.1820354388 5.22907435372 
1 5.3919712321 7.5950092322 
1 2.86078091617 7.17788562408 
1 0.715459227489 7.40235105127 
1 3.78636859459 8.20800088776 
1 1.3278974713 8.97809175264 
1 3.51175583152 8.07294666193 
1 3.39917167377 7.89551285622 
1 3.19962493201 8.34227297152 
1 3.46842558548 4.69899666535 
1 5.1561529266 8.37157950288 
1 3.20633052379 7.71479748944 
1 4.83410705177 7.8485392291 
1 1.93828348903 7.59690348392 
1 3.23105196785 6.72479786857 
1 3.7510994038 3.89721816174 
1 5.39234384245 6.34947066566 
1 1.73846416625 7.35785873836 
1 2.85961676084 8.15795210993 
1 1.37021838914 6.65263574001 
1 4.44141076833 8.54659596964 
1 5.64946210774 8.36751129547 
2 2.45645588144 5.74959905825 
2 1.66580305612 0.480878901071 
2 1.61960132973 0.507262646508 
2 -1.17050208399 2.44927756247 
2 3.36139921048 2.77493448 
2 3.51880503236 1.28352050863 
2 2.31105527947 1.35883562162 
2 0.706912503426 -0.507622101039 
2 4.34232172295 2.96593352995 
2 5.49645373981 1.23571654745 
2 1.67745610885 5.17261451109 
2 1.76518775975 3.39710255214 
2 2.07740536278 1.34278236843 
2 1.39531388777 -0.333057788192 
2 4.02303325246 1.58072057014 
2 1.84391202905 1.65961985611 
2 4.0208841497 3.43489007382 
2 2.02920239481 2.54192761488 
2 2.7562199447 1.15817044658 
2 1.78163553169 -0.680431687805 
2 1.59200471837 2.99933139116 
2 -0.357787474784 3.50416231404 
2 2.6525403046 2.43780277301 
2 4.03313780823 4.07907235877 
2 1.23123877955 0.795639466786 
2 1.63874080171 0.66952528393 
2 1.33390656551 3.26386080429 
2 2.07285239728 0.574988022504 
2 1.41842688425 2.42000687482 
2 2.58909259685 0.00733734309241 
2 2.45866595649 4.3317458056 
2 1.84588582794 -0.44941587711 
2 2.87855630577 -0.412130312791 
2 0.933872286026 2.14508746547 
2 1.69937571992 -0.312151936942 
2 3.34991423948 3.16658154927 
2 1.4987220315 3.58781307454 
2 2.79337616075 3.88714134055 
2 1.10545733684 -0.277072530256 
2 1.87382342195 -0.774584920342 
2 1.13781739595 0.461320712599 
2 4.1339184586 1.56045347783 
2 2.87839642443 2.10345333189 
2 1.90967247766 3.68724456685 
2 -0.777738952801 3.66383118255 
2 5.26245800283 0.40986001147 
2 2.26897011564 1.00807534804 
2 -0.419201002789 4.91835875674 
2 0.658759972052 1.07997397169 
2 2.19509486949 2.60636472286 
2 1.77641291448 2.4689043276 
2 5.34724637221 2.31175019468 
2 2.96331713507 -3.36092002569 
2 0.393453073142 1.19663040074 
2 1.01245001673 2.81194368164 
2 0.172862041882 2.74893130164 
2 1.89415159744 2.3472624356 
2 2.24982269331 2.78476182047 
2 2.37781789976 1.81325080145 
2 2.63512429165 -0.65103478984 
2 2.48690014652 2.19497994177 
2 1.23529452672 1.93099893058 
2 -0.182295874814 3.94302103987 
2 1.59976163375 2.90337056475 
2 1.84137962673 4.01200028263 
2 -0.26961263944 3.09177612942 
2 1.73111292575 2.62118122323 
2 2.62779532594 1.5546721931 
2 2.13437240736 2.93853013868 
2 2.75429196042 1.13115902095 
2 2.34393181916 3.31942193071 
2 -0.020150922316 3.26725476448 
2 2.18334613493 3.91924705925 
2 2.22759644157 3.11682487819 
2 4.6687666842 1.43082778024 
2 3.9803285778 4.17854020724 
2 1.46508529301 -0.113347842305 
2 2.91526027604 1.01946760972 
2 4.11415957445 2.50721681266 
2 3.69539787096 2.48941403597 
2 -0.888234647536 2.66524316296 
2 2.191421978 4.63264785263 
2 1.49612953536 1.55777694105 
2 1.18535603555 1.18407158223 
2 4.43142805901 1.51736525785 
2 3.28084146978 2.13292136243 
2 3.53422690708 1.92877902683 
2 2.07320179638 2.61120381917 
2 0.19389882297 1.33744023894 
2 1.03257236949 3.17102039591 
2 2.60050211215 1.4662087126 
2 2.9429526053 1.29325142196 
2 1.51836337904 3.18689997547 
2 -0.150867602307 3.16520449632 
2 0.429165936075 1.46496484046 
2 3.1222078001 2.35886987815 
2 1.56839385177 2.98894124793 
2 3.54733444992 3.10690695774 
2 2.16307618951 3.5431894647 
2 1.709004308 2.56695724635 
3 7.08521805087 5.90245639441 
3 8.96455353802 7.35442718857 
3 6.61239650689 6.47830748961 
3 8.07653058243 5.5150079416 
3 6.87736453788 7.01530525842 
3 6.33919319498 3.33132239117 
3 7.09776718116 5.37427197665 
3 5.8137635696 7.07353327915 
3 7.29596667811 4.15967713643 
3 8.8935338605 6.39220908873 
3 5.82548481223 4.87170514204 
3 7.97173144295 6.31819043256 
3 6.26347049256 5.37857620246 
3 8.44216596017 3.43428361126 
3 8.80320086104 3.61472461155 
3 5.77071551668 4.96893801549 
3 9.17415277733 6.20976693553 
3 7.19905886297 4.17237499348 
3 9.39778838081 7.08202588046 
3 6.04262536812 4.58078081823 
3 9.97425554594 4.32226032658 
3 7.80033957701 5.83996373893 
3 8.61321747575 3.37350250609 
3 8.61052404084 4.79464086236 
3 7.35206363836 5.75690964704 
3 9.68864813372 8.50302865129 
3 6.06272129141 6.66803433189 
3 10.5860220299 6.60609620584 
3 9.32432139091 4.93703123177 
3 8.90785034659 5.14236850557 
3 8.6213353405 4.51460294152 
3 8.98992227537 7.02582388541 
3 8.05110255223 6.99197561145 
3 7.24323193518 6.85628618541 
3 7.78523291128 5.19644391772 
3 8.42168023169 3.42414575714 
3 6.15167516693 5.59727232845 
3 7.37362405211 7.53817155834 
3 8.90779849685 4.35119016737 
3 8.64224382724 1.43764451794 
3 11.8253841852 3.97608880064 
3 7.49334659886 6.53110898028 
3 9.39553633113 7.92339090251 
3 7.43182025189 4.99491043231 
3 7.4639378956 6.39625245327 
3 7.76451401623 3.75004751861 
3 9.79884441397 6.55959166527 
3 6.90137942387 5.62754861479 
3 8.7468255816 6.10419719894 
3 6.77989536374 4.53765002209 
3 6.16586019903 4.69321298603 
3 6.30223727541 3.42855352453 
3 8.60854074086 5.25901454303 
3 7.60409710834 7.3977889645 
3 5.94695207143 7.35195357406 
3 6.12273547402 6.65233928481 
3 7.12378686156 5.38391270909 
3 7.13053039905 3.16031156508 
3 8.31792715917 5.31525662009 
3 10.2004452034 6.10632882509 
3 8.89400988699 4.21444459848 
3 6.54862971324 4.55209656995 
3 7.26753577571 6.29092492589 
3 9.56521692763 5.35370073496 
3 9.01531445776 4.54248418247 
3 7.72197024051 2.88015145642 
3 9.75061018639 2.40445841572 
3 10.3240845962 4.39928033909 
3 7.91085479133 8.57216993854 
3 8.00522982476 5.57530103007 
3 8.49296271736 4.18340118551 
3 7.96725245655 3.37011855775 
3 8.99247568496 3.93654572281 
3 10.609069739 3.29560553857 
3 12.0787853098 4.03594908718 
3 6.29780088049 3.98575827609 
3 6.06269361417 3.82372106567 
3 7.71614681312 5.71608786951 
3 8.10671231088 6.13698520678 
3 10.3296511237 4.24589413072 
3 7.43236313669 6.92206237571 
3 6.58011975482 4.44385395322 
3 9.10694908027 5.18211744502 
3 8.69946387756 3.59308771918 
3 7.94711725004 3.93093545347 
3 9.08388842155 5.44192181378 
3 7.77037975661 5.4708276053 
3 8.89065532057 6.2600017896 
3 6.76519919579 3.8210844235 
3 2.4553791955 4.02391631315 
3 9.79656040766 4.69030085385 
3 7.02704869477 6.78584763174 
3 7.86697882367 6.25799051172 
3 8.10813138018 3.9038348275 
3 8.43859285827 3.18880413235 
3 10.3283633997 3.60002092231 
3 7.37613571546 6.34731170782 
3 6.64140109327 5.24603247346 
3 8.68276855524 4.28747236108 
3 8.87899170523 5.85415129174 
